0,0,1,0,1,0,-1,0,0,0,0,0.5,0
0,0,1,0,1,0,-1,0,0,1.8805e-07,0,0.5,0
0,0,1,0,1,0,-1,0,0,1.4985e-06,0,0.5,0
-2.546e-06,0,1,0,1,0,-1,0,-2.546e-06,5.0373e-06,0,0.5,0
-6.011e-06,0,1,0,1,0,-1,0,-6.011e-06,1.1893e-05,0,0.5,0
-1.1694e-05,0,1,0,1,0,-1,0,-1.1694e-05,2.3136e-05,0,0.5,0
-2.0126e-05,0,1,0,1,0,-1,0,-2.0126e-05,3.982e-05,0,0.5,0
-3.1832e-05,0,1,0,1,0,-1,0,-3.1832e-05,6.298e-05,0,0.5,0
-4.7326e-05,0,1,0,1,0,-1,0,-4.7326e-05,9.3636e-05,0,0.5,0
-6.7115e-05,0,1,0,1,0,-1,0,-6.7115e-05,0.00013279,0,0.50001,0
-9.1695e-05,0,1,0,1,0,-1,0,-9.1695e-05,0.00018142,0,0.50001,0
-0.00012156,0,1,0,1,0,-1,0,-0.00012156,0.0002405,0,0.50001,0
-0.00015718,0,1,0,1,0,-1,0,-0.00015718,0.00031098,0,0.50001,0
-0.00019903,0,1,0,1,0,-1,0,-0.00019903,0.00039379,0,0.50002,0
-0.00024758,0,1,0,1,0,-1,0,-0.00024758,0.00048985,0,0.50002,0
-0.00030328,0,1,0,1,0,-1,0,-0.00030328,0.00060005,0,0.50002,0
-0.00036658,0,1,0,1,0,-1,0,-0.00036658,0.00072529,0,0.50003,0
-0.00043791,0,1,0,1,0,-1,0,-0.00043791,0.00086643,0,0.50003,0
-0.00051771,0,1,0,1,0,-1,0,-0.00051771,0.0010243,0,0.50004,0
-0.00060639,0,1,0,1,0,-1,0,-0.00060639,0.0011998,0,0.50005,0
-0.00070438,0,1,0,1,0,-1,0,-0.00070438,0.0013936,0,0.50006,0
-0.00081207,0,1,0,1,0,-1,0,-0.00081207,0.0016067,0,0.50006,0
-0.00092986,0,1,0,1,0,-1,0,-0.00092986,0.0018398,0,0.50007,0
-0.0010581,0,1,0,1,0,-1,0,-0.0010581,0.0020936,0,0.50008,0
-0.0011973,0,1,0,1,0,-1,0,-0.0011973,0.0023689,0,0.50009,0
-0.0013477,0,1,0,1,0,-1,0,-0.0013477,0.0026665,0,0.50011,0
-0.0015097,0,1,0,1,0,-1,0,-0.0015097,0.0029871,0,0.50012,0
-0.0016837,0,1,0,1,0,-1,0,-0.0016837,0.0033314,0,0.50013,0
-0.00187,0,1,0,1,0,-1,0,-0.00187,0.0037,0,0.50015,0
-0.002069,0,1,0,1,0,-1,0,-0.002069,0.0040937,0,0.50016,0
-0.0022809,0,1,0,1,0,-1,0,-0.0022809,0.0045131,0,0.50018,0
-0.0025062,0,1,0,1,0,-1,0,-0.0025062,0.0049588,0,0.50019,0
-0.0027451,0,1,0,1,0,-1,0,-0.0027451,0.0054316,0,0.50021,0
-0.002998,0,1,0,1,0,-1,0,-0.002998,0.005932,0,0.50023,0
-0.0032651,0,0.99999,0,1,0,-0.99999,0,-0.0032651,0.0064605,0,0.50025,0
-0.0035468,0,0.99999,0,1,0,-0.99999,0,-0.0035468,0.0070179,0,0.50027,0
-0.0038433,0,0.99999,0,1,0,-0.99999,0,-0.0038433,0.0076047,0,0.50029,0
-0.004155,0,0.99999,0,1,0,-0.99999,0,-0.004155,0.0082214,0,0.50032,0
-0.004482,0,0.99999,0,1,0,-0.99999,0,-0.004482,0.0088685,0,0.50034,0
-0.0048247,0,0.99999,0,1,0,-0.99999,0,-0.0048247,0.0095467,0,0.50036,0
-0.0051833,0,0.99999,0,1,0,-0.99999,0,-0.0051833,0.010256,0,0.50039,0
-0.0055581,0,0.99998,0,1,0,-0.99998,0,-0.0055581,0.010998,0,0.50041,0
-0.0059493,0,0.99998,0,1,0,-0.99998,0,-0.0059493,0.011772,0,0.50044,0
-0.0063572,0,0.99998,0,1,0,-0.99998,0,-0.0063572,0.01258,0,0.50047,0
-0.006782,0,0.99998,0,1,0,-0.99998,0,-0.006782,0.01342,0,0.5005,0
-0.0072239,0,0.99997,0,1,0,-0.99997,0,-0.0072239,0.014295,0,0.50053,0
-0.0076831,0,0.99997,0,1,0,-0.99997,0,-0.0076831,0.015204,0,0.50056,0
-0.0081598,0,0.99997,0,1,0,-0.99997,0,-0.0081598,0.016147,0,0.50059,0
-0.0086543,0,0.99996,0,1,0,-0.99996,0,-0.0086543,0.017126,0,0.50062,0
-0.0091668,0,0.99996,0,1,0,-0.99996,0,-0.0091668,0.01814,0,0.50065,0
-0.0096973,0,0.99995,0,1,0,-0.99995,0,-0.0096973,0.01919,0,0.50068,0
-0.010246,0,0.99995,0,1,0,-0.99995,0,-0.010246,0.020277,0,0.50072,0
-0.010814,0,0.99994,0,1,0,-0.99994,0,-0.010814,0.0214,0,0.50075,0
-0.0114,0,0.99994,0,1,0,-0.99994,0,-0.0114,0.02256,0,0.50079,0
-0.012004,0,0.99993,0,1,0,-0.99993,0,-0.012004,0.023757,0,0.50082,0
-0.012628,0,0.99992,0,1,0,-0.99992,0,-0.012628,0.024992,0,0.50085,0
-0.013271,0,0.99991,0,1,0,-0.99991,0,-0.013271,0.026265,0,0.50089,0
-0.013933,0,0.9999,0,1,0,-0.9999,0,-0.013933,0.027576,0,0.50092,0
-0.014615,0,0.99989,0,1,0,-0.99989,0,-0.014615,0.028925,0,0.50096,0
-0.015316,0,0.99988,0,1,0,-0.99988,0,-0.015316,0.030313,0,0.501,0
-0.016037,0,0.99987,0,1,0,-0.99987,0,-0.016037,0.03174,0,0.50103,0
-0.016778,0,0.99986,0,1,0,-0.99986,0,-0.016778,0.033207,0,0.50107,0
-0.017538,0,0.99985,0,1,0,-0.99985,0,-0.017538,0.034712,0,0.5011,0
-0.018319,0,0.99983,0,1,0,-0.99983,0,-0.018319,0.036258,0,0.50114,0
-0.019119,0,0.99982,0,1,0,-0.99982,0,-0.019119,0.037843,0,0.50117,0
-0.01994,0,0.9998,0,1,0,-0.9998,0,-0.01994,0.039468,0,0.5012,0
-0.020781,0,0.99978,0,1,0,-0.99978,0,-0.020781,0.041134,0,0.50124,0
-0.021643,0,0.99977,0,1,0,-0.99977,0,-0.021643,0.04284,0,0.50127,0
-0.022525,0,0.99975,0,1,0,-0.99975,0,-0.022525,0.044586,0,0.5013,0
-0.023427,0,0.99973,0,1,0,-0.99973,0,-0.023427,0.046373,0,0.50133,0
-0.02435,0,0.9997,0,1,0,-0.9997,0,-0.02435,0.048201,0,0.50136,0
-0.025293,0,0.99968,0,1,0,-0.99968,0,-0.025293,0.050069,0,0.50139,0
-0.026258,0,0.99966,0,1,0,-0.99966,0,-0.026258,0.051979,0,0.50142,0
-0.027243,0,0.99963,0,1,0,-0.99963,0,-0.027243,0.05393,0,0.50145,0
-0.028248,0,0.9996,0,1,0,-0.9996,0,-0.028248,0.055922,0,0.50147,0
-0.029275,0,0.99957,0,1,0,-0.99957,0,-0.029275,0.057955,0,0.5015,0
-0.030322,0,0.99954,0,1,0,-0.99954,0,-0.030322,0.06003,0,0.50152,0
-0.03139,0,0.99951,0,1,0,-0.99951,0,-0.03139,0.062146,0,0.50154,0
-0.032479,0,0.99947,0,1,0,-0.99947,0,-0.032479,0.064304,0,0.50156,0
-0.033589,0,0.99944,0,1,0,-0.99944,0,-0.033589,0.066502,0,0.50158,0
-0.03472,0,0.9994,0,1,0,-0.9994,0,-0.03472,0.068743,0,0.50159,0
-0.035872,0,0.99936,0,1,0,-0.99936,0,-0.035872,0.071025,0,0.5016,0
-0.037044,0,0.99931,0,1,0,-0.99931,0,-0.037044,0.073348,0,0.50161,0
-0.038238,0,0.99927,0,1,0,-0.99927,0,-0.038238,0.075713,0,0.50162,0
-0.039452,0,0.99922,0,1,0,-0.99922,0,-0.039452,0.078119,0,0.50162,0
-0.040687,0,0.99917,0,1,0,-0.99917,0,-0.040687,0.080566,0,0.50162,0
-0.041943,0,0.99912,0,1,0,-0.99912,0,-0.041943,0.083055,0,0.50162,0
-0.043219,0,0.99907,0,1,0,-0.99907,0,-0.043219,0.085585,0,0.50162,0
-0.044517,0,0.99901,0,1,0,-0.99901,0,-0.044517,0.088157,0,0.50161,0
-0.045835,0,0.99895,0,1,0,-0.99895,0,-0.045835,0.090769,0,0.50159,0
-0.047173,0,0.99889,0,1,0,-0.99889,0,-0.047173,0.093423,0,0.50158,0
-0.048532,0,0.99882,0,1,0,-0.99882,0,-0.048532,0.096117,0,0.50156,0
-0.049912,0,0.99875,0,1,0,-0.99875,0,-0.049912,0.098853,0,0.50153,0
-0.051313,0,0.99868,0,1,0,-0.99868,0,-0.051313,0.10163,0,0.50151,0
-0.052733,0,0.99861,0,1,0,-0.99861,0,-0.052733,0.10445,0,0.50147,0
-0.054174,0,0.99853,0,1,0,-0.99853,0,-0.054174,0.1073,0,0.50144,0
-0.055635,0,0.99845,0,1,0,-0.99845,0,-0.055635,0.1102,0,0.50139,0
-0.057117,0,0.99837,0,1,0,-0.99837,0,-0.057117,0.11314,0,0.50135,0
-0.058618,0,0.99828,0,1,0,-0.99828,0,-0.058618,0.11612,0,0.5013,0
-0.06014,0,0.99819,0,1,0,-0.99819,0,-0.06014,0.11913,0,0.50124,0
-0.061681,0,0.9981,0,1,0,-0.9981,0,-0.061681,0.12219,0,0.50118,0
-0.063242,0,0.998,0,1,0,-0.998,0,-0.063242,0.12529,0,0.50111,0
-0.064823,0,0.9979,0,1,0,-0.9979,0,-0.064823,0.12842,0,0.50103,0
-0.066423,0,0.99779,0,1,0,-0.99779,0,-0.066423,0.1316,0,0.50095,0
-0.068043,0,0.99768,0,1,0,-0.99768,0,-0.068043,0.13481,0,0.50087,0
-0.069683,0,0.99757,0,1,0,-0.99757,0,-0.069683,0.13806,0,0.50078,0
-0.071341,0,0.99745,0,1,0,-0.99745,0,-0.071341,0.14135,0,0.50068,0
-0.073019,0,0.99733,0,1,0,-0.99733,0,-0.073019,0.14468,0,0.50057,0
-0.074715,0,0.9972,0,1,0,-0.9972,0,-0.074715,0.14805,0,0.50046,0
-0.076431,0,0.99707,0,1,0,-0.99707,0,-0.076431,0.15145,0,0.50034,0
-0.078165,0,0.99694,0,1,0,-0.99694,0,-0.078165,0.1549,0,0.50021,0
-0.079917,0,0.9968,0,1,0,-0.9968,0,-0.079917,0.15837,0,0.50008,0
-0.081688,0,0.99666,0,1,0,-0.99666,0,-0.081688,0.16189,0,0.49993,0
-0.083477,0,0.99651,0,1,0,-0.99651,0,-0.083477,0.16544,0,0.49978,0
-0.085285,0,0.99636,0,1,0,-0.99636,0,-0.085285,0.16903,0,0.49963,0
-0.08711,0,0.9962,0,1,0,-0.9962,0,-0.08711,0.17265,0,0.49946,0
-0.088953,0,0.99604,0,1,0,-0.99604,0,-0.088953,0.17631,0,0.49929,0
-0.090814,0,0.99587,0,1,0,-0.99587,0,-0.090814,0.18001,0,0.4991,0
-0.092692,0,0.99569,0,1,0,-0.99569,0,-0.092692,0.18374,0,0.49891,0
-0.094587,0,0.99552,0,1,0,-0.99552,0,-0.094587,0.1875,0,0.49871,0
-0.096499,0,0.99533,0,1,0,-0.99533,0,-0.096499,0.1913,0,0.4985,0
-0.098428,0,0.99514,0,1,0,-0.99514,0,-0.098428,0.19513,0,0.49828,0
-0.10037,0,0.99495,0,1,0,-0.99495,0,-0.10037,0.199,0,0.49805,0
-0.10234,0,0.99475,0,1,0,-0.99475,0,-0.10234,0.2029,0,0.49781,0
-0.10432,0,0.99454,0,1,0,-0.99454,0,-0.10432,0.20683,0,0.49757,0
-0.10631,0,0.99433,0,1,0,-0.99433,0,-0.10631,0.21079,0,0.49731,0
-0.10832,0,0.99412,0,1,0,-0.99412,0,-0.10832,0.21479,0,0.49704,0
-0.11035,0,0.99389,0,1,0,-0.99389,0,-0.11035,0.21881,0,0.49676,0
-0.11239,0,0.99366,0,1,0,-0.99366,0,-0.11239,0.22287,0,0.49647,0
-0.11445,0,0.99343,0,1,0,-0.99343,0,-0.11445,0.22696,0,0.49617,0
-0.11652,0,0.99319,0,1,0,-0.99319,0,-0.11652,0.23108,0,0.49586,0
-0.11861,0,0.99294,0,1,0,-0.99294,0,-0.11861,0.23523,0,0.49554,0
-0.12071,0,0.99269,0,1,0,-0.99269,0,-0.12071,0.23941,0,0.49521,0
-0.12282,0,0.99243,0,1,0,-0.99243,0,-0.12282,0.24362,0,0.49486,0
-0.12495,0,0.99216,0,1,0,-0.99216,0,-0.12495,0.24785,0,0.49451,0
-0.1271,0,0.99189,0,1,0,-0.99189,0,-0.1271,0.25212,0,0.49414,0
-0.12926,0,0.99161,0,1,0,-0.99161,0,-0.12926,0.25641,0,0.49376,0
-0.13143,0,0.99133,0,1,0,-0.99133,0,-0.13143,0.26073,0,0.49337,0
-0.13361,0,0.99103,0,1,0,-0.99103,0,-0.13361,0.26507,0,0.49297,0
-0.13581,0,0.99073,0,1,0,-0.99073,0,-0.13581,0.26945,0,0.49255,0
-0.13802,0,0.99043,0,1,0,-0.99043,0,-0.13802,0.27384,0,0.49213,0
-0.14024,0,0.99012,0,1,0,-0.99012,0,-0.14024,0.27827,0,0.49169,0
-0.14248,0,0.9898,0,1,0,-0.9898,0,-0.14248,0.28271,0,0.49123,0
-0.14473,0,0.98947,0,1,0,-0.98947,0,-0.14473,0.28719,0,0.49077,0
-0.14698,0,0.98914,0,1,0,-0.98914,0,-0.14698,0.29168,0,0.49029,0
-0.14925,0,0.9888,0,1,0,-0.9888,0,-0.14925,0.2962,0,0.4898,0
-0.15154,0,0.98845,0,1,0,-0.98845,0,-0.15154,0.30074,0,0.4893,0
-0.15383,0,0.9881,0,1,0,-0.9881,0,-0.15383,0.30531,0,0.48878,0
-0.15613,0,0.98774,0,1,0,-0.98774,0,-0.15613,0.30989,0,0.48825,0
-0.15845,0,0.98737,0,1,0,-0.98737,0,-0.15845,0.3145,0,0.48771,0
-0.16077,0,0.98699,0,1,0,-0.98699,0,-0.16077,0.31913,0,0.48715,0
-0.1631,0,0.98661,0,1,0,-0.98661,0,-0.1631,0.32378,0,0.48658,0
-0.16545,0,0.98622,0,1,0,-0.98622,0,-0.16545,0.32845,0,0.48599,0
-0.1678,0,0.98582,0,1,0,-0.98582,0,-0.1678,0.33313,0,0.48539,0
-0.17016,0,0.98542,0,1,0,-0.98542,0,-0.17016,0.33784,0,0.48478,0
-0.17253,0,0.985,0,1,0,-0.985,0,-0.17253,0.34256,0,0.48416,0
-0.17491,0,0.98458,0,1,0,-0.98458,0,-0.17491,0.3473,0,0.48352,0
-0.1773,0,0.98416,0,1,0,-0.98416,0,-0.1773,0.35206,0,0.48286,0
-0.17969,0,0.98372,0,1,0,-0.98372,0,-0.17969,0.35683,0,0.4822,0
-0.1821,0,0.98328,0,1,0,-0.98328,0,-0.1821,0.36162,0,0.48151,0
-0.18451,0,0.98283,0,1,0,-0.98283,0,-0.18451,0.36643,0,0.48082,0
-0.18693,0,0.98237,0,1,0,-0.98237,0,-0.18693,0.37125,0,0.48011,0
-0.18935,0,0.98191,0,1,0,-0.98191,0,-0.18935,0.37608,0,0.47938,0
-0.19178,0,0.98144,0,1,0,-0.98144,0,-0.19178,0.38093,0,0.47864,0
-0.19422,0,0.98096,0,1,0,-0.98096,0,-0.19422,0.38579,0,0.47789,0
-0.19666,0,0.98047,0,1,0,-0.98047,0,-0.19666,0.39067,0,0.47712,0
-0.19911,0,0.97998,0,1,0,-0.97998,0,-0.19911,0.39555,0,0.47634,0
-0.20157,0,0.97948,0,1,0,-0.97948,0,-0.20157,0.40045,0,0.47555,0
-0.20402,0,0.97897,0,1,0,-0.97897,0,-0.20402,0.40535,0,0.47473,0
-0.20649,0,0.97845,0,1,0,-0.97845,0,-0.20649,0.41027,0,0.47391,0
-0.20896,0,0.97792,0,1,0,-0.97792,0,-0.20896,0.4152,0,0.47307,0
-0.21143,0,0.97739,0,1,0,-0.97739,0,-0.21143,0.42013,0,0.47222,0
-0.21391,0,0.97685,0,1,0,-0.97685,0,-0.21391,0.42508,0,0.47135,0
-0.21639,0,0.97631,0,1,0,-0.97631,0,-0.21639,0.43003,0,0.47047,0
-0.21887,0,0.97575,0,1,0,-0.97575,0,-0.21887,0.43499,0,0.46957,0
-0.22136,0,0.97519,0,1,0,-0.97519,0,-0.22136,0.43995,0,0.46866,0
-0.22385,0,0.97462,0,1,0,-0.97462,0,-0.22385,0.44492,0,0.46773,0
-0.22634,0,0.97405,0,1,0,-0.97405,0,-0.22634,0.4499,0,0.46679,0
-0.22883,0,0.97347,0,1,0,-0.97347,0,-0.22883,0.45488,0,0.46584,0
-0.23133,0,0.97288,0,1,0,-0.97288,0,-0.23133,0.45986,0,0.46487,0
-0.23383,0,0.97228,0,1,0,-0.97228,0,-0.23383,0.46485,0,0.46389,0
-0.23633,0,0.97167,0,1,0,-0.97167,0,-0.23633,0.46985,0,0.4629,0
-0.23882,0,0.97106,0,1,0,-0.97106,0,-0.23882,0.47484,0,0.46189,0
-0.24132,0,0.97044,0,1,0,-0.97044,0,-0.24132,0.47984,0,0.46086,0
-0.24383,0,0.96982,0,1,0,-0.96982,0,-0.24383,0.48483,0,0.45983,0
-0.24633,0,0.96919,0,1,0,-0.96919,0,-0.24633,0.48983,0,0.45878,0
-0.24883,0,0.96855,0,1,0,-0.96855,0,-0.24883,0.49483,0,0.45771,0
-0.25133,0,0.9679,0,1,0,-0.9679,0,-0.25133,0.49983,0,0.45664,0
-0.25382,0,0.96725,0,1,0,-0.96725,0,-0.25382,0.50482,0,0.45555,0
-0.25632,0,0.96659,0,1,0,-0.96659,0,-0.25632,0.50982,0,0.45444,0
-0.25882,0,0.96593,0,1,0,-0.96593,0,-0.25882,0.51481,0,0.45333,0
-0.26131,0,0.96525,0,1,0,-0.96525,0,-0.26131,0.5198,0,0.4522,0
-0.26381,0,0.96458,0,1,0,-0.96458,0,-0.26381,0.52479,0,0.45105,0
-0.2663,0,0.96389,0,1,0,-0.96389,0,-0.2663,0.52977,0,0.4499,0
-0.26878,0,0.9632,0,1,0,-0.9632,0,-0.26878,0.53475,0,0.44873,0
-0.27127,0,0.9625,0,1,0,-0.9625,0,-0.27127,0.53972,0,0.44755,0
-0.27375,0,0.9618,0,1,0,-0.9618,0,-0.27375,0.54468,0,0.44636,0
-0.27623,0,0.96109,0,1,0,-0.96109,0,-0.27623,0.54964,0,0.44516,0
-0.2787,0,0.96038,0,1,0,-0.96038,0,-0.2787,0.5546,0,0.44394,0
-0.28117,0,0.95966,0,1,0,-0.95966,0,-0.28117,0.55954,0,0.44271,0
-0.28364,0,0.95893,0,1,0,-0.95893,0,-0.28364,0.56448,0,0.44148,0
-0.2861,0,0.9582,0,1,0,-0.9582,0,-0.2861,0.56941,0,0.44023,0
-0.28856,0,0.95746,0,1,0,-0.95746,0,-0.28856,0.57433,0,0.43896,0
-0.29101,0,0.95672,0,1,0,-0.95672,0,-0.29101,0.57924,0,0.43769,0
-0.29345,0,0.95597,0,1,0,-0.95597,0,-0.29345,0.58414,0,0.43641,0
-0.29589,0,0.95522,0,1,0,-0.95522,0,-0.29589,0.58902,0,0.43512,0
-0.29833,0,0.95446,0,1,0,-0.95446,0,-0.29833,0.5939,0,0.43381,0
-0.30076,0,0.9537,0,1,0,-0.9537,0,-0.30076,0.59877,0,0.4325,0
-0.30318,0,0.95293,0,1,0,-0.95293,0,-0.30318,0.60362,0,0.43118,0
-0.30559,0,0.95216,0,1,0,-0.95216,0,-0.30559,0.60846,0,0.42984,0
-0.308,0,0.95139,0,1,0,-0.95139,0,-0.308,0.61328,0,0.4285,0
-0.3104,0,0.95061,0,1,0,-0.95061,0,-0.3104,0.61809,0,0.42715,0
-0.31279,0,0.94982,0,1,0,-0.94982,0,-0.31279,0.62289,0,0.42579,0
-0.31518,0,0.94903,0,1,0,-0.94903,0,-0.31518,0.62767,0,0.42442,0
-0.31755,0,0.94824,0,1,0,-0.94824,0,-0.31755,0.63244,0,0.42304,0
-0.31992,0,0.94744,0,1,0,-0.94744,0,-0.31992,0.63718,0,0.42166,0
-0.32228,0,0.94664,0,1,0,-0.94664,0,-0.32228,0.64192,0,0.42026,0
-0.32463,0,0.94584,0,1,0,-0.94584,0,-0.32463,0.64663,0,0.41886,0
-0.32697,0,0.94503,0,1,0,-0.94503,0,-0.32697,0.65133,0,0.41745,0
-0.3293,0,0.94422,0,1,0,-0.94422,0,-0.3293,0.65601,0,0.41604,0
-0.33163,0,0.94341,0,1,0,-0.94341,0,-0.33163,0.66067,0,0.41461,0
-0.33394,0,0.94259,0,1,0,-0.94259,0,-0.33394,0.66531,0,0.41319,0
-0.33624,0,0.94178,0,1,0,-0.94178,0,-0.33624,0.66993,0,0.41175,0
-0.33853,0,0.94095,0,1,0,-0.94095,0,-0.33853,0.67453,0,0.41031,0
-0.34081,0,0.94013,0,1,0,-0.94013,0,-0.34081,0.67911,0,0.40886,0
-0.34308,0,0.9393,0,1,0,-0.9393,0,-0.34308,0.68367,0,0.40741,0
-0.34534,0,0.93848,0,1,0,-0.93848,0,-0.34534,0.6882,0,0.40595,0
-0.34759,0,0.93765,0,1,0,-0.93765,0,-0.34759,0.69272,0,0.40449,0
-0.34983,0,0.93681,0,1,0,-0.93681,0,-0.34983,0.69721,0,0.40302,0
-0.35205,0,0.93598,0,1,0,-0.93598,0,-0.35205,0.70168,0,0.40155,0
-0.35427,0,0.93514,0,1,0,-0.93514,0,-0.35427,0.70612,0,0.40007,0
-0.35647,0,0.93431,0,1,0,-0.93431,0,-0.35647,0.71054,0,0.3986,0
-0.35865,0,0.93347,0,1,0,-0.93347,0,-0.35865,0.71494,0,0.39711,0
-0.36083,0,0.93263,0,1,0,-0.93263,0,-0.36083,0.71931,0,0.39563,0
-0.36299,0,0.93179,0,1,0,-0.93179,0,-0.36299,0.72365,0,0.39414,0
-0.36514,0,0.93095,0,1,0,-0.93095,0,-0.36514,0.72797,0,0.39265,0
-0.36728,0,0.93011,0,1,0,-0.93011,0,-0.36728,0.73227,0,0.39116,0
-0.3694,0,0.92927,0,1,0,-0.92927,0,-0.3694,0.73654,0,0.38966,0
-0.37151,0,0.92843,0,1,0,-0.92843,0,-0.37151,0.74078,0,0.38817,0
-0.3736,0,0.92759,0,1,0,-0.92759,0,-0.3736,0.74499,0,0.38667,0
-0.37569,0,0.92675,0,1,0,-0.92675,0,-0.37569,0.74917,0,0.38518,0
-0.37775,0,0.92591,0,1,0,-0.92591,0,-0.37775,0.75333,0,0.38368,0
-0.37981,0,0.92507,0,1,0,-0.92507,0,-0.37981,0.75746,0,0.38218,0
-0.38184,0,0.92423,0,1,0,-0.92423,0,-0.38184,0.76156,0,0.38068,0
-0.38387,0,0.92339,0,1,0,-0.92339,0,-0.38387,0.76563,0,0.37919,0
-0.38588,0,0.92255,0,1,0,-0.92255,0,-0.38588,0.76967,0,0.37769,0
-0.38787,0,0.92171,0,1,0,-0.92171,0,-0.38787,0.77368,0,0.3762,0
-0.38985,0,0.92088,0,1,0,-0.92088,0,-0.38985,0.77766,0,0.3747,0
-0.39181,0,0.92005,0,1,0,-0.92005,0,-0.39181,0.78161,0,0.37321,0
-0.39376,0,0.91922,0,1,0,-0.91922,0,-0.39376,0.78553,0,0.37172,0
-0.39569,0,0.91839,0,1,0,-0.91839,0,-0.39569,0.78942,0,0.37024,0
-0.3976,0,0.91756,0,1,0,-0.91756,0,-0.3976,0.79327,0,0.36875,0
-0.3995,0,0.91673,0,1,0,-0.91673,0,-0.3995,0.79709,0,0.36727,0
-0.40138,0,0.91591,0,1,0,-0.91591,0,-0.40138,0.80089,0,0.36579,0
-0.40325,0,0.91509,0,1,0,-0.91509,0,-0.40325,0.80464,0,0.36432,0
-0.4051,0,0.91427,0,1,0,-0.91427,0,-0.4051,0.80837,0,0.36285,0
-0.40693,0,0.91346,0,1,0,-0.91346,0,-0.40693,0.81206,0,0.36139,0
-0.40875,0,0.91265,0,1,0,-0.91265,0,-0.40875,0.81572,0,0.35993,0
-0.41055,0,0.91184,0,1,0,-0.91184,0,-0.41055,0.81935,0,0.35847,0
-0.41233,0,0.91103,0,1,0,-0.91103,0,-0.41233,0.82294,0,0.35703,0
-0.4141,0,0.91023,0,1,0,-0.91023,0,-0.4141,0.82649,0,0.35558,0
-0.41584,0,0.90944,0,1,0,-0.90944,0,-0.41584,0.83002,0,0.35414,0
-0.41757,0,0.90864,0,1,0,-0.90864,0,-0.41757,0.8335,0,0.35271,0
-0.41929,0,0.90785,0,1,0,-0.90785,0,-0.41929,0.83696,0,0.35129,0
-0.42098,0,0.90707,0,1,0,-0.90707,0,-0.42098,0.84037,0,0.34987,0
-0.42266,0,0.90629,0,1,0,-0.90629,0,-0.42266,0.84375,0,0.34846,0
-0.42432,0,0.90551,0,1,0,-0.90551,0,-0.42432,0.8471,0,0.34706,0
-0.42596,0,0.90474,0,1,0,-0.90474,0,-0.42596,0.85041,0,0.34567,0
-0.42758,0,0.90398,0,1,0,-0.90398,0,-0.42758,0.85368,0,0.34428,0
-0.42919,0,0.90321,0,1,0,-0.90321,0,-0.42919,0.85692,0,0.3429,0
-0.43078,0,0.90246,0,1,0,-0.90246,0,-0.43078,0.86012,0,0.34154,0
-0.43235,0,0.90171,0,1,0,-0.90171,0,-0.43235,0.86329,0,0.34018,0
-0.4339,0,0.90096,0,1,0,-0.90096,0,-0.4339,0.86641,0,0.33883,0
-0.43543,0,0.90022,0,1,0,-0.90022,0,-0.43543,0.8695,0,0.33749,0
-0.43694,0,0.89949,0,1,0,-0.89949,0,-0.43694,0.87256,0,0.33616,0
-0.43844,0,0.89876,0,1,0,-0.89876,0,-0.43844,0.87557,0,0.33484,0
-0.43991,0,0.89804,0,1,0,-0.89804,0,-0.43991,0.87855,0,0.33353,0
-0.44137,0,0.89732,0,1,0,-0.89732,0,-0.44137,0.88149,0,0.33223,0
-0.44281,0,0.89662,0,1,0,-0.89662,0,-0.44281,0.8844,0,0.33094,0
-0.44423,0,0.89591,0,1,0,-0.89591,0,-0.44423,0.88726,0,0.32966,0
-0.44563,0,0.89522,0,1,0,-0.89522,0,-0.44563,0.89009,0,0.3284,0
-0.44701,0,0.89453,0,1,0,-0.89453,0,-0.44701,0.89288,0,0.32715,0
-0.44838,0,0.89385,0,1,0,-0.89385,0,-0.44838,0.89563,0,0.32591,0
-0.44972,0,0.89317,0,1,0,-0.89317,0,-0.44972,0.89834,0,0.32468,0
-0.45104,0,0.8925,0,1,0,-0.8925,0,-0.45104,0.90102,0,0.32346,0
-0.45235,0,0.89184,0,1,0,-0.89184,0,-0.45235,0.90365,0,0.32226,0
-0.45364,0,0.89119,0,1,0,-0.89119,0,-0.45364,0.90625,0,0.32107,0
-0.4549,0,0.89054,0,1,0,-0.89054,0,-0.4549,0.90881,0,0.31989,0
-0.45615,0,0.8899,0,1,0,-0.8899,0,-0.45615,0.91133,0,0.31873,0
-0.45738,0,0.88927,0,1,0,-0.88927,0,-0.45738,0.91381,0,0.31758,0
-0.45859,0,0.88865,0,1,0,-0.88865,0,-0.45859,0.91626,0,0.31644,0
-0.45978,0,0.88803,0,1,0,-0.88803,0,-0.45978,0.91866,0,0.31532,0
-0.46095,0,0.88743,0,1,0,-0.88743,0,-0.46095,0.92103,0,0.31421,0
-0.4621,0,0.88683,0,1,0,-0.88683,0,-0.4621,0.92335,0,0.31312,0
-0.46324,0,0.88623,0,1,0,-0.88623,0,-0.46324,0.92564,0,0.31204,0
-0.46435,0,0.88565,0,1,0,-0.88565,0,-0.46435,0.92789,0,0.31097,0
-0.46544,0,0.88508,0,1,0,-0.88508,0,-0.46544,0.9301,0,0.30992,0
-0.46652,0,0.88451,0,1,0,-0.88451,0,-0.46652,0.93228,0,0.30889,0
-0.46758,0,0.88395,0,1,0,-0.88395,0,-0.46758,0.93441,0,0.30787,0
-0.46861,0,0.8834,0,1,0,-0.8834,0,-0.46861,0.93651,0,0.30687,0
-0.46963,0,0.88286,0,1,0,-0.88286,0,-0.46963,0.93856,0,0.30588,0
-0.47063,0,0.88233,0,1,0,-0.88233,0,-0.47063,0.94058,0,0.30491,0
-0.47161,0,0.88181,0,1,0,-0.88181,0,-0.47161,0.94256,0,0.30395,0
-0.47257,0,0.88129,0,1,0,-0.88129,0,-0.47257,0.9445,0,0.30301,0
-0.47351,0,0.88079,0,1,0,-0.88079,0,-0.47351,0.94641,0,0.30209,0
-0.47443,0,0.88029,0,1,0,-0.88029,0,-0.47443,0.94827,0,0.30118,0
-0.47534,0,0.8798,0,1,0,-0.8798,0,-0.47534,0.9501,0,0.30028,0
-0.47622,0,0.87933,0,1,0,-0.87933,0,-0.47622,0.95189,0,0.29941,0
-0.47709,0,0.87886,0,1,0,-0.87886,0,-0.47709,0.95364,0,0.29855,0
-0.47794,0,0.8784,0,1,0,-0.8784,0,-0.47794,0.95535,0,0.29771,0
-0.47876,0,0.87794,0,1,0,-0.87794,0,-0.47876,0.95703,0,0.29688,0
-0.47957,0,0.8775,0,1,0,-0.8775,0,-0.47957,0.95867,0,0.29607,0
-0.48037,0,0.87707,0,1,0,-0.87707,0,-0.48037,0.96027,0,0.29527,0
-0.48114,0,0.87664,0,1,0,-0.87664,0,-0.48114,0.96183,0,0.2945,0
-0.48189,0,0.87623,0,1,0,-0.87623,0,-0.48189,0.96336,0,0.29374,0
-0.48263,0,0.87582,0,1,0,-0.87582,0,-0.48263,0.96485,0,0.29299,0
-0.48335,0,0.87543,0,1,0,-0.87543,0,-0.48335,0.96631,0,0.29227,0
-0.48405,0,0.87504,0,1,0,-0.87504,0,-0.48405,0.96772,0,0.29156,0
-0.48473,0,0.87466,0,1,0,-0.87466,0,-0.48473,0.9691,0,0.29086,0
-0.4854,0,0.87429,0,1,0,-0.87429,0,-0.4854,0.97045,0,0.29019,0
-0.48605,0,0.87393,0,1,0,-0.87393,0,-0.48605,0.97176,0,0.28953,0
-0.48668,0,0.87358,0,1,0,-0.87358,0,-0.48668,0.97303,0,0.28888,0
-0.48729,0,0.87324,0,1,0,-0.87324,0,-0.48729,0.97427,0,0.28826,0
-0.48788,0,0.87291,0,1,0,-0.87291,0,-0.48788,0.97548,0,0.28765,0
-0.48846,0,0.87258,0,1,0,-0.87258,0,-0.48846,0.97665,0,0.28705,0
-0.48902,0,0.87227,0,1,0,-0.87227,0,-0.48902,0.97778,0,0.28648,0
-0.48957,0,0.87197,0,1,0,-0.87197,0,-0.48957,0.97888,0,0.28592,0
-0.4901,0,0.87167,0,1,0,-0.87167,0,-0.4901,0.97995,0,0.28537,0
-0.49061,0,0.87138,0,1,0,-0.87138,0,-0.49061,0.98098,0,0.28484,0
-0.4911,0,0.8711,0,1,0,-0.8711,0,-0.4911,0.98198,0,0.28433,0
-0.49158,0,0.87083,0,1,0,-0.87083,0,-0.49158,0.98295,0,0.28384,0
-0.49204,0,0.87057,0,1,0,-0.87057,0,-0.49204,0.98389,0,0.28336,0
-0.49249,0,0.87032,0,1,0,-0.87032,0,-0.49249,0.98479,0,0.2829,0
-0.49292,0,0.87008,0,1,0,-0.87008,0,-0.49292,0.98566,0,0.28245,0
-0.49333,0,0.86984,0,1,0,-0.86984,0,-0.49333,0.9865,0,0.28202,0
-0.49373,0,0.86961,0,1,0,-0.86961,0,-0.49373,0.98731,0,0.2816,0
-0.49412,0,0.8694,0,1,0,-0.8694,0,-0.49412,0.98809,0,0.2812,0
-0.49448,0,0.86919,0,1,0,-0.86919,0,-0.49448,0.98883,0,0.28081,0
-0.49484,0,0.86898,0,1,0,-0.86898,0,-0.49484,0.98955,0,0.28044,0
-0.49518,0,0.86879,0,1,0,-0.86879,0,-0.49518,0.99024,0,0.28009,0
-0.4955,0,0.86861,0,1,0,-0.86861,0,-0.4955,0.9909,0,0.27974,0
-0.49582,0,0.86843,0,1,0,-0.86843,0,-0.49582,0.99153,0,0.27942,0
-0.49611,0,0.86826,0,1,0,-0.86826,0,-0.49611,0.99213,0,0.27911,0
-0.4964,0,0.8681,0,1,0,-0.8681,0,-0.4964,0.99271,0,0.27881,0
-0.49667,0,0.86794,0,1,0,-0.86794,0,-0.49667,0.99325,0,0.27852,0
-0.49693,0,0.86779,0,1,0,-0.86779,0,-0.49693,0.99377,0,0.27825,0
-0.49717,0,0.86765,0,1,0,-0.86765,0,-0.49717,0.99427,0,0.27799,0
-0.4974,0,0.86752,0,1,0,-0.86752,0,-0.4974,0.99474,0,0.27775,0
-0.49762,0,0.86739,0,1,0,-0.86739,0,-0.49762,0.99518,0,0.27752,0
-0.49783,0,0.86728,0,1,0,-0.86728,0,-0.49783,0.9956,0,0.2773,0
-0.49802,0,0.86716,0,1,0,-0.86716,0,-0.49802,0.996,0,0.27709,0
-0.49821,0,0.86706,0,1,0,-0.86706,0,-0.49821,0.99637,0,0.2769,0
-0.49838,0,0.86696,0,1,0,-0.86696,0,-0.49838,0.99672,0,0.27672,0
-0.49854,0,0.86687,0,1,0,-0.86687,0,-0.49854,0.99705,0,0.27655,0
-0.49869,0,0.86678,0,1,0,-0.86678,0,-0.49869,0.99735,0,0.27639,0
-0.49883,0,0.8667,0,1,0,-0.8667,0,-0.49883,0.99764,0,0.27624,0
-0.49896,0,0.86662,0,1,0,-0.86662,0,-0.49896,0.9979,0,0.2761,0
-0.49908,0,0.86655,0,1,0,-0.86655,0,-0.49908,0.99814,0,0.27597,0
-0.49919,0,0.86649,0,1,0,-0.86649,0,-0.49919,0.99837,0,0.27585,0
-0.4993,0,0.86643,0,1,0,-0.86643,0,-0.4993,0.99858,0,0.27575,0
-0.49939,0,0.86638,0,1,0,-0.86638,0,-0.49939,0.99876,0,0.27565,0
-0.49947,0,0.86633,0,1,0,-0.86633,0,-0.49947,0.99894,0,0.27556,0
-0.49955,0,0.86628,0,1,0,-0.86628,0,-0.49955,0.99909,0,0.27548,0
-0.49962,0,0.86624,0,1,0,-0.86624,0,-0.49962,0.99923,0,0.2754,0
-0.49968,0,0.86621,0,1,0,-0.86621,0,-0.49968,0.99936,0,0.27534,0
-0.49974,0,0.86618,0,1,0,-0.86618,0,-0.49974,0.99947,0,0.27528,0
-0.49979,0,0.86615,0,1,0,-0.86615,0,-0.49979,0.99957,0,0.27523,0
-0.49983,0,0.86612,0,1,0,-0.86612,0,-0.49983,0.99965,0,0.27518,0
-0.49986,0,0.8661,0,1,0,-0.8661,0,-0.49986,0.99972,0,0.27514,0
-0.49989,0,0.86609,0,1,0,-0.86609,0,-0.49989,0.99979,0,0.27511,0
-0.49992,0,0.86607,0,1,0,-0.86607,0,-0.49992,0.99984,0,0.27508,0
-0.49994,0,0.86606,0,1,0,-0.86606,0,-0.49994,0.99988,0,0.27506,0
-0.49996,0,0.86605,0,1,0,-0.86605,0,-0.49996,0.99992,0,0.27504,0
-0.49997,0,0.86604,0,1,0,-0.86604,0,-0.49997,0.99994,0,0.27503,0
-0.49998,0,0.86604,0,1,0,-0.86604,0,-0.49998,0.99996,0,0.27502,0
-0.49999,0,0.86603,0,1,0,-0.86603,0,-0.49999,0.99998,0,0.27501,0
-0.49999,0,0.86603,0,1,0,-0.86603,0,-0.49999,0.99999,0,0.27501,0
-0.5,0,0.86603,0,1,0,-0.86603,0,-0.5,1,0,0.275,0
-0.5,0,0.86603,0,1,0,-0.86603,0,-0.5,1,0,0.275,0
-0.5,0,0.86603,0,1,0,-0.86603,0,-0.5,1,0,0.275,0
-0.5,0,0.86603,0,1,0,-0.86603,0,-0.5,1,0,0.275,0
-0.5,0,0.86603,0,1,0,-0.86603,0,-0.5,1,0,0.275,0
-0.5,0,0.86603,0,1,0,-0.86603,0,-0.5,1,0,0.275,0
-0.5,0,0.86603,0,1,0,-0.86603,0,-0.5,1,0,0.27498,0
-0.5,0,0.86603,0,1,0,-0.86603,0,-0.5,1,0,0.27492,0
-0.5,0,0.86603,0,1,0,-0.86603,0,-0.5,1,0,0.27481,0
-0.5,0,0.86603,0,1,0,-0.86603,0,-0.5,1,0,0.27464,0
-0.5,0,0.86603,0,1,0,-0.86603,0,-0.5,1,0,0.27439,0
-0.5,0,0.86603,0,1,0,-0.86603,0,-0.5,1,0,0.27405,0
-0.5,0,0.86603,0,1,0,-0.86603,0,-0.5,1,0,0.27361,0
-0.5,0,0.86603,0,1,0,-0.86603,0,-0.5,1,0,0.27305,0
-0.5,0,0.86603,0,1,0,-0.86603,0,-0.5,1,0,0.27237,0
-0.5,0,0.86603,0,1,0,-0.86603,0,-0.5,1,0,0.27156,0
-0.5,0,0.86603,0,1,0,-0.86603,0,-0.5,1,0,0.27062,0
-0.5,0,0.86603,0,1,0,-0.86603,0,-0.5,1,0,0.26952,0
-0.5,0,0.86603,0,1,0,-0.86603,0,-0.5,1,0,0.26828,0
-0.5,0,0.86603,0,1,0,-0.86603,0,-0.5,1,0,0.26688,0
-0.5,0,0.86603,0,1,0,-0.86603,0,-0.5,1,0,0.26533,0
-0.5,0,0.86603,0,1,0,-0.86603,0,-0.5,1,0,0.26361,0
-0.5,0,0.86603,0,1,0,-0.86603,0,-0.5,1,0,0.26173,0
-0.5,0,0.86603,0,1,0,-0.86603,0,-0.5,1,0,0.25968,0
-0.5,0,0.86603,0,1,0,-0.86603,0,-0.5,1,0,0.25747,0
-0.5,0,0.86603,0,1,0,-0.86603,0,-0.5,1,0,0.25508,0
-0.5,0,0.86603,0,1,0,-0.86603,0,-0.5,1,0,0.25254,0
-0.5,0,0.86603,0,1,0,-0.86603,0,-0.5,1,0,0.24982,0
-0.5,0,0.86603,0,1,0,-0.86603,0,-0.5,1,0,0.24695,0
-0.5,0,0.86603,0,1,0,-0.86603,0,-0.5,1,0,0.24391,0
-0.5,0,0.86603,0,1,0,-0.86603,0,-0.5,1,0,0.24072,0
-0.5,0,0.86603,0,1,0,-0.86603,0,-0.5,1,0,0.23737,0
-0.5,0,0.86603,0,1,0,-0.86603,0,-0.5,1,0,0.23387,0
-0.5,0,0.86603,0,1,0,-0.86603,0,-0.5,1,0,0.23023,0
-0.5,0,0.86603,0,1,0,-0.86603,0,-0.5,1,0,0.22645,0
-0.5,0,0.86603,0,1,0,-0.86603,0,-0.5,1,0,0.22253,0
-0.5,0,0.86603,0,1,0,-0.86603,0,-0.5,1,0,0.21849,0
-0.5,0,0.86603,0,1,0,-0.86603,0,-0.5,1,0,0.21432,0
-0.5,0,0.86603,0,1,0,-0.86603,0,-0.5,1,0,0.21003,0
-0.5,0,0.86603,0,1,0,-0.86603,0,-0.5,1,0,0.20564,0
-0.5,0,0.86603,0,1,0,-0.86603,0,-0.5,1,0,0.20115,0
-0.5,0,0.86603,0,1,0,-0.86603,0,-0.5,1,0,0.19657,0
-0.5,0,0.86603,0,1,0,-0.86603,0,-0.5,1,0,0.1919,0
-0.5,0,0.86603,0,1,0,-0.86603,0,-0.5,1,0,0.18715,0
-0.5,0,0.86603,0,1,0,-0.86603,0,-0.5,1,0,0.18234,0
-0.5,0,0.86603,0,1,0,-0.86603,0,-0.5,1,0,0.17746,0
-0.5,0,0.86603,0,1,0,-0.86603,0,-0.5,1,0,0.17254,0
-0.5,0,0.86603,0,1,0,-0.86603,0,-0.5,1,0,0.16757,0
-0.5,0,0.86603,0,1,0,-0.86603,0,-0.5,1,0,0.16258,0
-0.5,0,0.86603,0,1,0,-0.86603,0,-0.5,1,0,0.15756,0
-0.5,0,0.86603,0,1,0,-0.86603,0,-0.5,1,0,0.15252,0
-0.5,0,0.86603,0,1,0,-0.86603,0,-0.5,1,0,0.14748,0
-0.5,0,0.86603,0,1,0,-0.86603,0,-0.5,1,0,0.14244,0
-0.5,0,0.86603,0,1,0,-0.86603,0,-0.5,1,0,0.13742,0
-0.5,0,0.86603,0,1,0,-0.86603,0,-0.5,1,0,0.13243,0
-0.5,0,0.86603,0,1,0,-0.86603,0,-0.5,1,0,0.12746,0
-0.5,0,0.86603,0,1,0,-0.86603,0,-0.5,1,0,0.12254,0
-0.5,0,0.86603,0,1,0,-0.86603,0,-0.5,1,0,0.11766,0
-0.5,0,0.86603,0,1,0,-0.86603,0,-0.5,1,0,0.11285,0
-0.5,0,0.86603,0,1,0,-0.86603,0,-0.5,1,0,0.1081,0
-0.5,0,0.86603,0,1,0,-0.86603,0,-0.5,1,0,0.10343,0
-0.5,0,0.86603,0,1,0,-0.86603,0,-0.5,1,0,0.098848,0
-0.5,0,0.86603,0,1,0,-0.86603,0,-0.5,1,0,0.094356,0
-0.5,0,0.86603,0,1,0,-0.86603,0,-0.5,1,0,0.089965,0
-0.5,0,0.86603,0,1,0,-0.86603,0,-0.5,1,0,0.085682,0
-0.5,0,0.86603,0,1,0,-0.86603,0,-0.5,1,0,0.081515,0
-0.5,0,0.86603,0,1,0,-0.86603,0,-0.5,1,0,0.077469,0
-0.5,0,0.86603,0,1,0,-0.86603,0,-0.5,1,0,0.073552,0
-0.5,0,0.86603,0,1,0,-0.86603,0,-0.5,1,0,0.069769,0
-0.5,0,0.86603,0,1,0,-0.86603,0,-0.5,1,0,0.066126,0
-0.5,0,0.86603,0,1,0,-0.86603,0,-0.5,1,0,0.062629,0
-0.5,0,0.86603,0,1,0,-0.86603,0,-0.5,1,0,0.059281,0
-0.5,0,0.86603,0,1,0,-0.86603,0,-0.5,1,0,0.056087,0
-0.5,0,0.86603,0,1,0,-0.86603,0,-0.5,1,0,0.053051,0
-0.5,0,0.86603,0,1,0,-0.86603,0,-0.5,1,0,0.050175,0
-0.5,0,0.86603,0,1,0,-0.86603,0,-0.5,1,0,0.047463,0
-0.5,0,0.86603,0,1,0,-0.86603,0,-0.5,1,0,0.044915,0
-0.5,0,0.86603,0,1,0,-0.86603,0,-0.5,1,0,0.042534,0
-0.5,0,0.86603,0,1,0,-0.86603,0,-0.5,1,0,0.040319,0
-0.5,0,0.86603,0,1,0,-0.86603,0,-0.5,1,0,0.038271,0
-0.5,0,0.86603,0,1,0,-0.86603,0,-0.5,1,0,0.036389,0
-0.5,0,0.86603,0,1,0,-0.86603,0,-0.5,1,0,0.034671,0
-0.5,0,0.86603,0,1,0,-0.86603,0,-0.5,1,0,0.033116,0
-0.5,0,0.86603,0,1,0,-0.86603,0,-0.5,1,0,0.031719,0
-0.5,0,0.86603,0,1,0,-0.86603,0,-0.5,1,0,0.030477,0
-0.5,0,0.86603,0,1,0,-0.86603,0,-0.5,1,0,0.029385,0
-0.5,0,0.86603,0,1,0,-0.86603,0,-0.5,1,0,0.028438,0
-0.5,0,0.86603,0,1,0,-0.86603,0,-0.5,1,0,0.027628,0
-0.5,0,0.86603,0,1,0,-0.86603,0,-0.5,1,0,0.02695,0
-0.5,0,0.86603,0,1,0,-0.86603,0,-0.5,1,0,0.026393,0
-0.5,0,0.86603,0,1,0,-0.86603,0,-0.5,1,0,0.025949,0
-0.5,0,0.86603,0,1,0,-0.86603,0,-0.5,1,0,0.025608,0
-0.5,0,0.86603,0,1,0,-0.86603,0,-0.5,1,0,0.025358,0
-0.5,0,0.86603,0,1,0,-0.86603,0,-0.5,1,0,0.025186,0
-0.5,0,0.86603,0,1,0,-0.86603,0,-0.5,1,0,0.02508,0
-0.5,0,0.86603,0,1,0,-0.86603,0,-0.5,1,0,0.025024,0
-0.5,0,0.86603,0,1,0,-0.86603,0,-0.5,1,0,0.025003,0
-0.5,0,0.86603,0,1,0,-0.86603,0,-0.5,1,0,0.025,0
-0.5,0,0.86603,0,1,0,-0.86603,0,-0.5,1,0,0.025,1
-0.5,0,0.86603,0,1,0,-0.86603,0,-0.5,1,0,0.025,1
-0.5,0,0.86603,0,1,0,-0.86603,0,-0.5,1,0,0.025,1
-0.5,0,0.86603,0,1,0,-0.86603,0,-0.5,1,0,0.025,1
-0.5,0,0.86603,0,1,0,-0.86603,0,-0.5,1,0,0.025,1
-0.5,0,0.86603,0,1,0,-0.86603,0,-0.5,1,0,0.025,1
-0.5,0,0.86603,0,1,0,-0.86603,0,-0.5,1,0,0.025,1
-0.5,0,0.86603,0,1,0,-0.86603,0,-0.5,1,0,0.025,1
-0.5,0,0.86603,0,1,0,-0.86603,0,-0.5,1,0,0.025,1
-0.5,0,0.86603,0,1,0,-0.86603,0,-0.5,1,0,0.025,1
-0.5,0,0.86603,0,1,0,-0.86603,0,-0.5,1,0,0.025,1
-0.5,0,0.86603,0,1,0,-0.86603,0,-0.5,1,0,0.025,1
-0.5,0,0.86603,0,1,0,-0.86603,0,-0.5,1,0,0.025,1
-0.5,0,0.86603,0,1,0,-0.86603,0,-0.5,1,0,0.025,1
-0.5,0,0.86603,0,1,0,-0.86603,0,-0.5,1,0,0.025,1
-0.5,0,0.86603,0,1,0,-0.86603,0,-0.5,1,0,0.025,1
-0.5,0,0.86603,0,1,0,-0.86603,0,-0.5,1,0,0.025,1
-0.5,0,0.86603,0,1,0,-0.86603,0,-0.5,1,0,0.025,1
-0.5,0,0.86603,0,1,0,-0.86603,0,-0.5,1,0,0.025,1
-0.5,0,0.86603,0,1,0,-0.86603,0,-0.5,1,0,0.025,1
-0.5,0,0.86603,0,1,0,-0.86603,0,-0.5,1,0,0.025,1
-0.5,0,0.86603,0,1,0,-0.86603,0,-0.5,1,0,0.025,1
-0.5,0,0.86603,0,1,0,-0.86603,0,-0.5,1,0,0.025,1
-0.5,0,0.86603,0,1,0,-0.86603,0,-0.5,1,0,0.025,1
-0.5,0,0.86603,0,1,0,-0.86603,0,-0.5,1,0,0.025,1
-0.5,0,0.86603,0,1,0,-0.86603,0,-0.5,1,0,0.025,1
-0.5,0,0.86603,0,1,0,-0.86603,0,-0.5,1,0,0.025,1
-0.5,0,0.86603,0,1,0,-0.86603,0,-0.5,1,0,0.025,1
-0.5,0,0.86603,0,1,0,-0.86603,0,-0.5,1,0,0.025,1
-0.5,0,0.86603,0,1,0,-0.86603,0,-0.5,1,0,0.025,1
-0.5,0,0.86603,0,1,0,-0.86603,0,-0.5,1,0,0.025,1
-0.5,0,0.86603,0,1,0,-0.86603,0,-0.5,1,0,0.025,1
-0.5,0,0.86603,0,1,0,-0.86603,0,-0.5,1,0,0.025,1
-0.5,0,0.86603,0,1,0,-0.86603,0,-0.5,1,0,0.025,1
-0.5,0,0.86603,0,1,0,-0.86603,0,-0.5,1,0,0.025,1
-0.5,0,0.86603,0,1,0,-0.86603,0,-0.5,1,0,0.025,1
-0.5,0,0.86603,0,1,0,-0.86603,0,-0.5,1,0,0.025,1
-0.5,0,0.86603,0,1,0,-0.86603,0,-0.5,1,0,0.025,1
-0.5,0,0.86603,0,1,0,-0.86603,0,-0.5,1,0,0.025,1
-0.5,0,0.86603,0,1,0,-0.86603,0,-0.5,1,0,0.025,1
-0.5,0,0.86603,0,1,0,-0.86603,0,-0.5,1,0,0.025,1
-0.5,0,0.86603,0,1,0,-0.86603,0,-0.5,1,0,0.025,1
-0.5,0,0.86603,0,1,0,-0.86603,0,-0.5,1,0,0.025,1
-0.5,0,0.86603,0,1,0,-0.86603,0,-0.5,1,0,0.025,1
-0.5,0,0.86603,0,1,0,-0.86603,0,-0.5,1,0,0.025,1
-0.5,0,0.86603,0,1,0,-0.86603,0,-0.5,1,0,0.025,1
-0.5,0,0.86603,0,1,0,-0.86603,0,-0.5,1,0,0.025,1
-0.5,0,0.86603,0,1,0,-0.86603,0,-0.5,1,0,0.025,1
-0.5,0,0.86603,0,1,0,-0.86603,0,-0.5,1,0,0.025,1
-0.5,0,0.86603,0,1,0,-0.86603,0,-0.5,1,0,0.025,1
-0.5,0,0.86603,0,1,0,-0.86603,0,-0.5,1,0,0.025,1
-0.5,0,0.86603,0,1,0,-0.86603,0,-0.5,1,0,0.025,1
-0.5,0,0.86603,0,1,0,-0.86603,0,-0.5,1,0,0.025,1
-0.5,0,0.86603,0,1,0,-0.86603,0,-0.5,1,0,0.025,1
-0.5,0,0.86603,0,1,0,-0.86603,0,-0.5,1,0,0.025,1
-0.5,0,0.86603,0,1,0,-0.86603,0,-0.5,1,0,0.025,1
-0.5,0,0.86603,0,1,0,-0.86603,0,-0.5,1,0,0.025,1
-0.5,0,0.86603,0,1,0,-0.86603,0,-0.5,1,0,0.025,1
-0.5,0,0.86603,0,1,0,-0.86603,0,-0.5,1,0,0.025,1
-0.5,0,0.86603,0,1,0,-0.86603,0,-0.5,1,0,0.025,1
-0.5,0,0.86603,0,1,0,-0.86603,0,-0.5,1,0,0.025,1
-0.5,0,0.86603,0,1,0,-0.86603,0,-0.5,1,0,0.025,1
-0.5,0,0.86603,0,1,0,-0.86603,0,-0.5,1,0,0.025,1
-0.5,0,0.86603,0,1,0,-0.86603,0,-0.5,1,0,0.025,1
-0.5,0,0.86603,0,1,0,-0.86603,0,-0.5,1,0,0.025,1
-0.5,0,0.86603,0,1,0,-0.86603,0,-0.5,1,0,0.025003,1
-0.5,0,0.86603,0,1,0,-0.86603,0,-0.5,1,0,0.025024,1
-0.5,0,0.86603,0,1,0,-0.86603,0,-0.5,1,0,0.02508,1
-0.5,0,0.86603,0,1,0,-0.86603,0,-0.5,1,0,0.025186,1
-0.5,0,0.86603,0,1,0,-0.86603,0,-0.5,1,0,0.025358,1
-0.5,0,0.86603,0,1,0,-0.86603,0,-0.5,1,0,0.025608,1
-0.5,0,0.86603,0,1,0,-0.86603,0,-0.5,1,0,0.025949,1
-0.5,0,0.86603,0,1,0,-0.86603,0,-0.5,1,0,0.026393,1
-0.5,0,0.86603,0,1,0,-0.86603,0,-0.5,1,0,0.02695,1
-0.5,0,0.86603,0,1,0,-0.86603,0,-0.5,1,0,0.027628,1
-0.5,0,0.86603,0,1,0,-0.86603,0,-0.5,1,0,0.028438,1
-0.5,0,0.86603,0,1,0,-0.86603,0,-0.5,1,0,0.029385,1
-0.5,0,0.86603,0,1,0,-0.86603,0,-0.5,1,0,0.030477,1
-0.5,0,0.86603,0,1,0,-0.86603,0,-0.5,1,0,0.031719,1
-0.5,0,0.86603,0,1,0,-0.86603,0,-0.5,1,0,0.033116,1
-0.5,0,0.86603,0,1,0,-0.86603,0,-0.5,1,0,0.034671,1
-0.5,0,0.86603,0,1,0,-0.86603,0,-0.5,1,0,0.036389,1
-0.5,0,0.86603,0,1,0,-0.86603,0,-0.5,1,0,0.038271,1
-0.5,0,0.86603,0,1,0,-0.86603,0,-0.5,1,0,0.040319,1
-0.5,0,0.86603,0,1,0,-0.86603,0,-0.5,1,0,0.042534,1
-0.5,0,0.86603,0,1,0,-0.86603,0,-0.5,1,0,0.044915,1
-0.5,0,0.86603,0,1,0,-0.86603,0,-0.5,1,0,0.047463,1
-0.5,0,0.86603,0,1,0,-0.86603,0,-0.5,1,0,0.050175,1
-0.5,0,0.86603,0,1,0,-0.86603,0,-0.5,1,0,0.053051,1
-0.5,0,0.86603,0,1,0,-0.86603,0,-0.5,1,0,0.056087,1
-0.5,0,0.86603,0,1,0,-0.86603,0,-0.5,1,0,0.059281,1
-0.5,0,0.86603,0,1,0,-0.86603,0,-0.5,1,0,0.062629,1
-0.5,0,0.86603,0,1,0,-0.86603,0,-0.5,1,0,0.066126,1
-0.5,0,0.86603,0,1,0,-0.86603,0,-0.5,1,0,0.069769,1
-0.5,0,0.86603,0,1,0,-0.86603,0,-0.5,1,0,0.073552,1
-0.5,0,0.86603,0,1,0,-0.86603,0,-0.5,1,0,0.077469,1
-0.5,0,0.86603,0,1,0,-0.86603,0,-0.5,1,0,0.081515,1
-0.5,0,0.86603,0,1,0,-0.86603,0,-0.5,1,0,0.085682,1
-0.5,0,0.86603,0,1,0,-0.86603,0,-0.5,1,0,0.089965,1
-0.5,0,0.86603,0,1,0,-0.86603,0,-0.5,1,0,0.094356,1
-0.5,0,0.86603,0,1,0,-0.86603,0,-0.5,1,0,0.098848,1
-0.5,0,0.86603,0,1,0,-0.86603,0,-0.5,1,0,0.10343,1
-0.5,0,0.86603,0,1,0,-0.86603,0,-0.5,1,0,0.1081,1
-0.5,0,0.86603,0,1,0,-0.86603,0,-0.5,1,0,0.11285,1
-0.5,0,0.86603,0,1,0,-0.86603,0,-0.5,1,0,0.11766,1
-0.5,0,0.86603,0,1,0,-0.86603,0,-0.5,1,0,0.12254,1
-0.5,0,0.86603,0,1,0,-0.86603,0,-0.5,1,0,0.12746,1
-0.5,0,0.86603,0,1,0,-0.86603,0,-0.5,1,0,0.13243,1
-0.5,0,0.86603,0,1,0,-0.86603,0,-0.5,1,0,0.13742,1
-0.5,0,0.86603,0,1,0,-0.86603,0,-0.5,1,0,0.14244,1
-0.5,0,0.86603,0,1,0,-0.86603,0,-0.5,1,0,0.14748,1
-0.5,0,0.86603,0,1,0,-0.86603,0,-0.5,1,0,0.15252,1
-0.5,0,0.86603,0,1,0,-0.86603,0,-0.5,1,0,0.15756,1
-0.5,0,0.86603,0,1,0,-0.86603,0,-0.5,1,0,0.16258,1
-0.5,0,0.86603,0,1,0,-0.86603,0,-0.5,1,0,0.16757,1
-0.5,0,0.86603,0,1,0,-0.86603,0,-0.5,1,0,0.17254,1
-0.5,0,0.86603,0,1,0,-0.86603,0,-0.5,1,0,0.17746,1
-0.5,0,0.86603,0,1,0,-0.86603,0,-0.5,1,0,0.18234,1
-0.5,0,0.86603,0,1,0,-0.86603,0,-0.5,1,0,0.18715,1
-0.5,0,0.86603,0,1,0,-0.86603,0,-0.5,1,0,0.1919,1
-0.5,0,0.86603,0,1,0,-0.86603,0,-0.5,1,0,0.19657,1
-0.5,0,0.86603,0,1,0,-0.86603,0,-0.5,1,0,0.20115,1
-0.5,0,0.86603,0,1,0,-0.86603,0,-0.5,1,0,0.20564,1
-0.5,0,0.86603,0,1,0,-0.86603,0,-0.5,1,0,0.21003,1
-0.5,0,0.86603,0,1,0,-0.86603,0,-0.5,1,0,0.21432,1
-0.5,0,0.86603,0,1,0,-0.86603,0,-0.5,1,0,0.21849,1
-0.5,0,0.86603,0,1,0,-0.86603,0,-0.5,1,0,0.22253,1
-0.5,0,0.86603,0,1,0,-0.86603,0,-0.5,1,0,0.22645,1
-0.5,0,0.86603,0,1,0,-0.86603,0,-0.5,1,0,0.23023,1
-0.5,0,0.86603,0,1,0,-0.86603,0,-0.5,1,0,0.23387,1
-0.5,0,0.86603,0,1,0,-0.86603,0,-0.5,1,0,0.23737,1
-0.5,0,0.86603,0,1,0,-0.86603,0,-0.5,1,0,0.24072,1
-0.5,0,0.86603,0,1,0,-0.86603,0,-0.5,1,0,0.24391,1
-0.5,0,0.86603,0,1,0,-0.86603,0,-0.5,1,0,0.24695,1
-0.5,0,0.86603,0,1,0,-0.86603,0,-0.5,1,0,0.24982,1
-0.5,0,0.86603,0,1,0,-0.86603,0,-0.5,1,0,0.25254,1
-0.5,0,0.86603,0,1,0,-0.86603,0,-0.5,1,0,0.25508,1
-0.5,0,0.86603,0,1,0,-0.86603,0,-0.5,1,0,0.25747,1
-0.5,0,0.86603,0,1,0,-0.86603,0,-0.5,1,0,0.25968,1
-0.5,0,0.86603,0,1,0,-0.86603,0,-0.5,1,0,0.26173,1
-0.5,0,0.86603,0,1,0,-0.86603,0,-0.5,1,0,0.26361,1
-0.5,0,0.86603,0,1,0,-0.86603,0,-0.5,1,0,0.26533,1
-0.5,0,0.86603,0,1,0,-0.86603,0,-0.5,1,0,0.26688,1
-0.5,0,0.86603,0,1,0,-0.86603,0,-0.5,1,0,0.26828,1
-0.5,0,0.86603,0,1,0,-0.86603,0,-0.5,1,0,0.26952,1
-0.5,0,0.86603,0,1,0,-0.86603,0,-0.5,1,0,0.27062,1
-0.5,0,0.86603,0,1,0,-0.86603,0,-0.5,1,0,0.27156,1
-0.5,0,0.86603,0,1,0,-0.86603,0,-0.5,1,0,0.27237,1
-0.5,0,0.86603,0,1,0,-0.86603,0,-0.5,1,0,0.27305,1
-0.5,0,0.86603,0,1,0,-0.86603,0,-0.5,1,0,0.27361,1
-0.5,0,0.86603,0,1,0,-0.86603,0,-0.5,1,0,0.27405,1
-0.5,0,0.86603,0,1,0,-0.86603,0,-0.5,1,0,0.27439,1
-0.5,0,0.86603,0,1,0,-0.86603,0,-0.5,1,0,0.27464,1
-0.5,0,0.86603,0,1,0,-0.86603,0,-0.5,1,0,0.27481,1
-0.5,0,0.86603,0,1,0,-0.86603,0,-0.5,1,0,0.27492,1
-0.5,0,0.86603,0,1,0,-0.86603,0,-0.5,1,0,0.27498,1
-0.5,0,0.86603,0,1,0,-0.86603,0,-0.5,1,0,0.275,1
-0.5,0,0.86603,0,1,0,-0.86603,0,-0.5,1,0,0.275,1
-0.5,0,0.86603,0,1,0,-0.86603,0,-0.5,1,0,0.275,1
-0.5,0,0.86603,0,1,0,-0.86603,0,-0.5,1,-1.0886e-07,0.275,1
-0.5,0,0.86603,0,1,0,-0.86603,0,-0.5,1,-8.6841e-07,0.275,1
-0.5,2.9225e-06,0.86603,1.4612e-06,1,-2.5309e-06,-0.86603,-7.1262e-23,-0.5,1,-2.9225e-06,0.275,1
-0.5,6.9075e-06,0.86603,3.4537e-06,1,-5.9821e-06,-0.86603,-9.1446e-23,-0.5,1,-6.9075e-06,0.275,1
-0.5,1.3452e-05,0.86603,6.7262e-06,1,-1.165e-05,-0.86603,-1.0474e-21,-0.5,1,-1.3452e-05,0.275,1
-0.5,2.3179e-05,0.86603,1.1589e-05,1,-2.0073e-05,-0.86603,-5.7977e-22,-0.5,1,-2.3179e-05,0.275,1
-0.5,3.6701e-05,0.86603,1.835e-05,1,-3.1784e-05,-0.86603,1.7644e-21,-0.5,1,-3.6701e-05,0.275,1
-0.5,5.4626e-05,0.86603,2.7313e-05,1,-4.7307e-05,-0.86603,-7.6205e-22,-0.5,1,-5.4626e-05,0.275,1
-0.5,7.7553e-05,0.86603,3.8776e-05,1,-6.7163e-05,-0.86603,-3.048e-21,-0.5,1,-7.7553e-05,0.275,1
-0.5,0.00010607,0.86603,5.3037e-05,1,-9.1863e-05,-0.86603,-1.6768e-21,-0.5,1,-0.00010607,0.275,1
-0.5,0.00014078,0.86603,7.0388e-05,1,-0.00012192,-0.86603,-6.7849e-21,-0.5,1,-0.00014078,0.275,1
-0.5,0.00018223,0.86603,9.1117e-05,1,-0.00015782,-0.86603,-4.7918e-21,-0.5,1,-0.00018223,0.275,1
-0.5,0.00023102,0.86603,0.00011551,1,-0.00020007,-0.86603,-2.4464e-21,-0.5,1,-0.00023102,0.275,1
-0.5,0.0002877,0.86603,0.00014385,1,-0.00024916,-0.86603,1.3831e-20,-0.5,1,-0.0002877,0.275,1
-0.5,0.00035283,0.86603,0.00017641,1,-0.00030556,-0.86603,-1.0143e-20,-0.5,1,-0.00035283,0.275,1
-0.5,0.00042695,0.86603,0.00021348,1,-0.00036975,-0.86603,-6.5797e-21,-0.5,1,-0.00042695,0.275,1
-0.5,0.00051062,0.86603,0.00025531,1,-0.00044221,-0.86603,-2.9663e-20,-0.5,1,-0.00051062,0.275,1
-0.5,0.00060436,0.86603,0.00030218,1,-0.00052339,-0.86603,-2.5156e-20,-0.5,1,-0.00060436,0.275,1
-0.5,0.0007087,0.86603,0.00035435,1,-0.00061375,-0.86603,-2.014e-20,-0.5,1,-0.0007087,0.275,1
-0.5,0.00082416,0.86603,0.00041208,1,-0.00071375,-0.86603,-1.4589e-20,-0.5,1,-0.00082416,0.275,1
-0.5,0.00095127,0.86603,0.00047564,1,-0.00082382,-0.86603,-8.4787e-21,-0.5,1,-0.00095127,0.275,1
-0.5,0.0010905,0.86602,0.00054526,1,-0.00094442,-0.86603,-1.7843e-21,-0.5,1,-0.0010905,0.275,1
-0.5,0.0012424,0.86602,0.00062121,1,-0.001076,-0.86603,-4.8692e-20,-0.5,1,-0.0012424,0.275,1
-0.5,0.0014075,0.86602,0.00070373,1,-0.0012189,-0.86603,6.7662e-20,-0.5,1,-0.0014075,0.275,1
-0.5,0.0015861,0.86602,0.00079306,1,-0.0013736,-0.86603,-3.2169e-20,-0.5,1,-0.0015861,0.275,1
-0.5,0.0017789,0.86602,0.00088944,1,-0.0015406,-0.86603,-1.3132e-19,-0.5,1,-0.0017789,0.275,1
-0.5,0.0019862,0.86602,0.00099312,1,-0.0017201,-0.86603,-1.2934e-20,-0.5,1,-0.0019862,0.275,1
-0.5,0.0022086,0.86602,0.0011043,1,-0.0019127,-0.86603,-1.1066e-19,-0.5,1,-0.0022086,0.275,1
